1800,1,0.03
1800,2,0.02
1800,3,0.19
1800,4,0.11
1800,5,0.03
1800,6,0.11
1800,7,0.15
1800,8,0.15
1800,9,0.19
1800,10,0.12
1800,11,0.01
1800,12,0.15
1801,1,1.2
1801,2,1.1
1801,3,1.2
1801,4,1.1
1801,5,1.12
1801,6,1.08
1801,7,1.04
1801,8,1.19
1801,9,1.14
1801,10,1.03
1801,11,1.06
1801,12,1.18
1802,1,2.02
1802,2,2.03
1802,3,2.06
1802,4,2.1
1802,5,2.1
1802,6,2.14
1802,7,2.04
1802,8,2.1
1802,9,2.05
1802,10,2.1
1802,11,2.2
1802,12,2.1
1803,1,3.1
1803,2,3.2
1803,3,3.14
1803,4,3.01
1803,5,3.01
1803,6,3.2
1803,7,3.12
1803,8,3.0
1803,9,3.16
1803,10,3.01
1803,11,3.01
1803,12,3.03
1804,1,4.03
1804,2,4.11
1804,3,4.17
1804,4,4.05
1804,5,4.09
1804,6,4.13
1804,7,4.03
1804,8,4.14
1804,9,4.19
1804,10,4.13
1804,11,4.06
1804,12,4.06
1805,1,5.01
1805,2,5.1
1805,3,5.02
1805,4,5.01
1805,5,5.02
1805,6,5.17
1805,7,5.18
1805,8,5.18
1805,9,5.14
1805,10,5.14
1805,11,5.11
1805,12,5.05
1806,1,6.01
1806,2,6.17
1806,3,6.13
1806,4,6.09
1806,5,6.1
1806,6,6.08
1806,7,6.02
1806,8,6.02
1806,9,6.01
1806,10,6.06
1806,11,6.14
1806,12,6.18
1807,1,7.06
1807,2,7.1
1807,3,7.11
1807,4,7.04
1807,5,7.18
1807,6,7.19
1807,7,7.18
1807,8,7.07
1807,9,7.2
1807,10,7.09
1807,11,7.15
1807,12,7.04
1808,1,8.15
1808,2,8.04
1808,3,8.04
1808,4,8.04
1808,5,8.14
1808,6,8.04
1808,7,8.09
1808,8,8.14
1808,9,8.16
1808,10,8.02
1808,11,8.03
1808,12,8.18
1809,1,9.04
1809,2,9.05
1809,3,9.11
1809,4,9.16
1809,5,9.04
1809,6,9.04
1809,7,9.18
1809,8,9.03
1809,9,9.19
1809,10,9.0
1809,11,9.02
1809,12,9.14
1810,1,0.18
1810,2,0.08
1810,3,0.18
1810,4,0.05
1810,5,0.14
1810,6,0.14
1810,7,0.17
1810,8,0.05
1810,9,0.0
1810,10,0.05
1810,11,0.12
1810,12,0.06
1811,1,1.04
1811,2,1.17
1811,3,1.03
1811,4,1.13
1811,5,1.17
1811,6,1.05
1811,7,1.16
1811,8,1.17
1811,9,1.15
1811,10,1.03
1811,11,1.06
1811,12,1.07
1812,1,2.14
1812,2,2.18
1812,3,2.07
1812,4,2.01
1812,5,2.18
1812,6,2.19
1812,7,2.11
1812,8,2.11
1812,9,2.08
1812,10,2.09
1812,11,2.04
1812,12,2.02
1813,1,3.04
1813,2,3.05
1813,3,3.04
1813,4,3.03
1813,5,3.2
1813,6,3.07
1813,7,3.02
1813,8,3.18
1813,9,3.01
1813,10,3.1
1813,11,3.15
1813,12,3.16
1814,1,4.1
1814,2,4.02
1814,3,4.18
1814,4,4.12
1814,5,4.13
1814,6,4.06
1814,7,4.02
1814,8,4.2
1814,9,4.05
1814,10,4.14
1814,11,4.08
1814,12,4.13
1815,1,5.17
1815,2,5.12
1815,3,5.14
1815,4,5.03
1815,5,5.13
1815,6,5.09
1815,7,5.12
1815,8,5.09
1815,9,5.01
1815,10,5.13
1815,11,5.14
1815,12,5.12
1816,1,6.09
1816,2,6.09
1816,3,6.17
1816,4,6.12
1816,5,6.16
1816,6,6.02
1816,7,6.14
1816,8,6.02
1816,9,6.01
1816,10,6.11
1816,11,6.05
1816,12,6.06
1817,1,7.02
1817,2,7.14
1817,3,7.09
1817,4,7.05
1817,5,7.19
1817,6,7.02
1817,7,7.03
1817,8,7.08
1817,9,7.07
1817,10,7.11
1817,11,7.13
1817,12,7.13
1818,1,8.1
1818,2,8.19
1818,3,8.03
1818,4,8.14
1818,5,8.15
1818,6,8.03
1818,7,8.14
1818,8,8.19
1818,9,8.03
1818,10,8.08
1818,11,8.18
1818,12,8.01
1819,1,9.06
1819,2,9.0
1819,3,9.05
1819,4,9.19
1819,5,9.04
1819,6,9.07
1819,7,9.16
1819,8,9.18
1819,9,9.02
1819,10,9.18
1819,11,9.14
1819,12,9.07
1820,1,0.17
1820,2,0.1
1820,3,0.13
1820,4,0.13
1820,5,0.09
1820,6,0.19
1820,7,0.06
1820,8,0.14
1820,9,0.11
1820,10,0.18
1820,11,0.07
1820,12,0.01
1821,1,1.04
1821,2,1.15
1821,3,1.03
1821,4,1.01
1821,5,1.02
1821,6,1.17
1821,7,1.04
1821,8,1.03
1821,9,1.09
1821,10,1.02
1821,11,1.0
1821,12,1.14
1822,1,2.04
1822,2,2.2
1822,3,2.02
1822,4,2.06
1822,5,2.13
1822,6,2.14
1822,7,2.15
1822,8,2.12
1822,9,2.18
1822,10,2.14
1822,11,2.01
1822,12,2.11
1823,1,3.16
1823,2,3.2
1823,3,3.04
1823,4,3.17
1823,5,3.18
1823,6,3.14
1823,7,3.06
1823,8,3.19
1823,9,3.19
1823,10,3.17
1823,11,3.15
1823,12,3.15
1824,1,4.19
1824,2,4.15
1824,3,4.07
1824,4,4.12
1824,5,4.19
1824,6,4.2
1824,7,4.17
1824,8,4.04
1824,9,4.17
1824,10,4.02
1824,11,4.09
1824,12,4.17
1825,1,5.14
1825,2,5.17
1825,3,5.05
1825,4,5.19
1825,5,5.05
1825,6,5.14
1825,7,5.08
1825,8,5.16
1825,9,5.03
1825,10,5.17
1825,11,5.07
1825,12,5.07
1826,1,6.13
1826,2,6.15
1826,3,6.15
1826,4,6.03
1826,5,6.14
1826,6,6.1
1826,7,6.02
1826,8,6.13
1826,9,6.03
1826,10,6.07
1826,11,6.12
1826,12,6.11
1827,1,7.06
1827,2,7.18
1827,3,7.14
1827,4,7.18
1827,5,7.03
1827,6,7.13
1827,7,7.16
1827,8,7.13
1827,9,7.08
1827,10,7.17
1827,11,7.05
1827,12,7.08
1828,1,8.1
1828,2,8.03
1828,3,8.04
1828,4,8.12
1828,5,8.09
1828,6,8.0
1828,7,8.02
1828,8,8.09
1828,9,8.13
1828,10,8.1
1828,11,8.08
1828,12,8.0
1829,1,9.12
1829,2,9.02
1829,3,9.14
1829,4,9.03
1829,5,9.09
1829,6,9.16
1829,7,9.02
1829,8,9.05
1829,9,9.16
1829,10,9.12
1829,11,9.1
1829,12,9.12
1830,1,0.19
1830,2,0.16
1830,3,0.03
1830,4,0.1
1830,5,0.01
1830,6,0.02
1830,7,0.01
1830,8,0.07
1830,9,0.15
1830,10,0.13
1830,11,0.2
1830,12,0.05
1831,1,1.04
1831,2,1.15
1831,3,1.18
1831,4,1.16
1831,5,1.17
1831,6,1.04
1831,7,1.13
1831,8,1.16
1831,9,1.04
1831,10,1.09
1831,11,1.19
1831,12,1.17
1832,1,2.14
1832,2,2.16
1832,3,2.01
1832,4,2.08
1832,5,2.05
1832,6,2.12
1832,7,2.09
1832,8,2.03
1832,9,2.07
1832,10,2.01
1832,11,2.2
1832,12,2.1
1833,1,3.19
1833,2,3.13
1833,3,3.01
1833,4,3.0
1833,5,3.02
1833,6,3.13
1833,7,3.07
1833,8,3.2
1833,9,3.02
1833,10,3.02
1833,11,3.15
1833,12,3.04
1834,1,4.18
1834,2,4.17
1834,3,4.17
1834,4,4.0
1834,5,4.17
1834,6,4.03
1834,7,4.1
1834,8,4.09
1834,9,4.12
1834,10,4.14
1834,11,4.15
1834,12,4.04
1835,1,5.07
1835,2,5.19
1835,3,5.11
1835,4,5.05
1835,5,5.19
1835,6,5.15
1835,7,5.03
1835,8,5.15
1835,9,5.17
1835,10,5.11
1835,11,5.1
1835,12,5.13
1836,1,6.17
1836,2,6.04
1836,3,6.09
1836,4,6.03
1836,5,6.02
1836,6,6.06
1836,7,6.06
1836,8,6.01
1836,9,6.09
1836,10,6.16
1836,11,6.06
1836,12,6.2
1837,1,7.08
1837,2,7.1
1837,3,7.01
1837,4,7.07
1837,5,7.11
1837,6,7.07
1837,7,7.09
1837,8,7.01
1837,9,7.03
1837,10,7.09
1837,11,7.06
1837,12,7.15
1838,1,8.04
1838,2,8.07
1838,3,8.04
1838,4,8.13
1838,5,8.02
1838,6,8.07
1838,7,8.07
1838,8,8.01
1838,9,8.05
1838,10,8.07
1838,11,8.18
1838,12,8.03
1839,1,9.1
1839,2,9.01
1839,3,9.03
1839,4,9.05
1839,5,9.08
1839,6,9.12
1839,7,9.12
1839,8,9.06
1839,9,9.08
1839,10,9.03
1839,11,9.12
1839,12,9.09
1840,1,0.14
1840,2,0.17
1840,3,0.17
1840,4,0.01
1840,5,0.16
1840,6,0.12
1840,7,0.08
1840,8,0.11
1840,9,0.05
1840,10,0.12
1840,11,0.03
1840,12,0.19
1841,1,1.12
1841,2,1.05
1841,3,1.06
1841,4,1.06
1841,5,1.19
1841,6,1.03
1841,7,1.19
1841,8,1.02
1841,9,1.01
1841,10,1.01
1841,11,1.13
1841,12,1.1
1842,1,2.16
1842,2,2.16
1842,3,2.1
1842,4,2.06
1842,5,2.08
1842,6,2.12
1842,7,2.17
1842,8,2.19
1842,9,2.16
1842,10,2.19
1842,11,2.15
1842,12,2.16
1843,1,3.05
1843,2,3.09
1843,3,3.11
1843,4,3.08
1843,5,3.19
1843,6,3.12
1843,7,3.09
1843,8,3.05
1843,9,3.17
1843,10,3.17
1843,11,3.18
1843,12,3.06
1844,1,4.08
1844,2,4.06
1844,3,4.09
1844,4,4.03
1844,5,4.2
1844,6,4.09
1844,7,4.11
1844,8,4.0
1844,9,4.08
1844,10,4.05
1844,11,4.08
1844,12,4.13
1845,1,5.1
1845,2,5.05
1845,3,5.18
1845,4,5.17
1845,5,5.16
1845,6,5.01
1845,7,5.01
1845,8,5.05
1845,9,5.11
1845,10,5.13
1845,11,5.12
1845,12,5.12
1846,1,6.12
1846,2,6.17
1846,3,6.2
1846,4,6.03
1846,5,6.04
1846,6,6.07
1846,7,6.16
1846,8,6.06
1846,9,6.18
1846,10,6.04
1846,11,6.07
1846,12,6.03
1847,1,7.15
1847,2,7.2
1847,3,7.03
1847,4,7.19
1847,5,7.14
1847,6,7.1
1847,7,7.01
1847,8,7.0
1847,9,7.03
1847,10,7.06
1847,11,7.17
1847,12,7.16
1848,1,8.13
1848,2,8.19
1848,3,8.13
1848,4,8.09
1848,5,8.14
1848,6,8.11
1848,7,8.03
1848,8,8.05
1848,9,8.05
1848,10,8.14
1848,11,8.15
1848,12,8.13
1849,1,9.15
1849,2,9.12
1849,3,9.18
1849,4,9.06
1849,5,9.0
1849,6,9.04
1849,7,9.06
1849,8,9.03
1849,9,9.12
1849,10,9.08
1849,11,9.06
1849,12,9.19
1850,1,0.2
1850,2,0.03
1850,3,0.09
1850,4,0.02
1850,5,0.11
1850,6,0.15
1850,7,0.14
1850,8,0.14
1850,9,0.06
1850,10,0.17
1850,11,0.12
1850,12,0.1
1851,1,1.16
1851,2,1.19
1851,3,1.19
1851,4,1.07
1851,5,1.14
1851,6,1.14
1851,7,1.05
1851,8,1.05
1851,9,1.19
1851,10,1.0
1851,11,1.15
1851,12,1.08
1852,1,2.02
1852,2,2.08
1852,3,2.17
1852,4,2.17
1852,5,2.05
1852,6,2.16
1852,7,2.04
1852,8,2.02
1852,9,2.08
1852,10,2.07
1852,11,2.11
1852,12,2.09
1853,1,3.0
1853,2,3.17
1853,3,3.17
1853,4,3.12
1853,5,3.18
1853,6,3.05
1853,7,3.2
1853,8,3.14
1853,9,3.07
1853,10,3.06
1853,11,3.07
1853,12,3.19
1854,1,4.13
1854,2,4.03
1854,3,4.17
1854,4,4.17
1854,5,4.11
1854,6,4.13
1854,7,4.05
1854,8,4.19
1854,9,4.04
1854,10,4.11
1854,11,4.14
1854,12,4.05
1855,1,5.2
1855,2,5.03
1855,3,5.13
1855,4,5.17
1855,5,5.03
1855,6,5.02
1855,7,5.16
1855,8,5.0
1855,9,5.17
1855,10,5.03
1855,11,5.1
1855,12,5.1
1856,1,6.14
1856,2,6.11
1856,3,6.18
1856,4,6.08
1856,5,6.19
1856,6,6.15
1856,7,6.06
1856,8,6.2
1856,9,6.17
1856,10,6.16
1856,11,6.06
1856,12,6.03
1857,1,7.01
1857,2,7.02
1857,3,7.02
1857,4,7.15
1857,5,7.13
1857,6,7.11
1857,7,7.07
1857,8,7.04
1857,9,7.03
1857,10,7.12
1857,11,7.07
1857,12,7.13
1858,1,8.14
1858,2,8.07
1858,3,8.07
1858,4,8.18
1858,5,8.13
1858,6,8.02
1858,7,8.05
1858,8,8.17
1858,9,8.15
1858,10,8.13
1858,11,8.17
1858,12,8.04
1859,1,9.08
1859,2,9.19
1859,3,9.07
1859,4,9.12
1859,5,9.18
1859,6,9.05
1859,7,9.09
1859,8,9.15
1859,9,9.09
1859,10,9.11
1859,11,9.12
1859,12,9.15
1860,1,0.04
1860,2,0.2
1860,3,0.06
1860,4,0.08
1860,5,0.14
1860,6,0.18
1860,7,0.04
1860,8,0.1
1860,9,0.1
1860,10,0.13
1860,11,0.06
1860,12,0.08
1861,1,1.06
1861,2,1.18
1861,3,1.16
1861,4,1.03
1861,5,1.15
1861,6,1.03
1861,7,1.1
1861,8,1.06
1861,9,1.15
1861,10,1.09
1861,11,1.11
1861,12,1.04
1862,1,2.02
1862,2,2.18
1862,3,2.03
1862,4,2.1
1862,5,2.08
1862,6,2.17
1862,7,2.1
1862,8,2.05
1862,9,2.09
1862,10,2.03
1862,11,2.16
1862,12,2.07
1863,1,3.14
1863,2,3.13
1863,3,3.11
1863,4,3.15
1863,5,3.17
1863,6,3.17
1863,7,3.07
1863,8,3.05
1863,9,3.17
1863,10,3.06
1863,11,3.16
1863,12,3.18
1864,1,4.11
1864,2,4.02
1864,3,4.15
1864,4,4.12
1864,5,4.04
1864,6,4.2
1864,7,4.19
1864,8,4.19
1864,9,4.15
1864,10,4.17
1864,11,4.14
1864,12,4.17
1865,1,5.05
1865,2,5.04
1865,3,5.19
1865,4,5.04
1865,5,5.18
1865,6,5.05
1865,7,5.2
1865,8,5.17
1865,9,5.11
1865,10,5.0
1865,11,5.12
1865,12,5.04
1866,1,6.01
1866,2,6.14
1866,3,6.13
1866,4,6.13
1866,5,6.0
1866,6,6.13
1866,7,6.17
1866,8,6.1
1866,9,6.17
1866,10,6.15
1866,11,6.02
1866,12,6.06
1867,1,7.07
1867,2,7.01
1867,3,7.09
1867,4,7.02
1867,5,7.01
1867,6,7.18
1867,7,7.1
1867,8,7.13
1867,9,7.13
1867,10,7.11
1867,11,7.01
1867,12,7.16
1868,1,8.15
1868,2,8.17
1868,3,8.15
1868,4,8.07
1868,5,8.18
1868,6,8.01
1868,7,8.19
1868,8,8.14
1868,9,8.07
1868,10,8.19
1868,11,8.08
1868,12,8.15
1869,1,9.09
1869,2,9.16
1869,3,9.14
1869,4,9.09
1869,5,9.19
1869,6,9.11
1869,7,9.01
1869,8,9.05
1869,9,9.16
1869,10,9.18
1869,11,9.15
1869,12,9.06
1870,1,0.13
1870,2,0.07
1870,3,0.13
1870,4,0.07
1870,5,0.15
1870,6,0.15
1870,7,0.09
1870,8,0.01
1870,9,0.08
1870,10,0.03
1870,11,0.18
1870,12,0.09
1871,1,1.08
1871,2,1.03
1871,3,1.09
1871,4,1.18
1871,5,1.12
1871,6,1.2
1871,7,1.05
1871,8,1.09
1871,9,1.05
1871,10,1.05
1871,11,1.17
1871,12,1.04
1872,1,2.08
1872,2,2.18
1872,3,2.13
1872,4,2.1
1872,5,2.03
1872,6,2.12
1872,7,2.12
1872,8,2.12
1872,9,2.02
1872,10,2.08
1872,11,2.13
1872,12,2.07
1873,1,3.16
1873,2,3.05
1873,3,3.1
1873,4,3.03
1873,5,3.18
1873,6,3.2
1873,7,3.1
1873,8,3.17
1873,9,3.01
1873,10,3.03
1873,11,3.11
1873,12,3.15
1874,1,4.01
1874,2,4.04
1874,3,4.07
1874,4,4.16
1874,5,4.08
1874,6,4.07
1874,7,4.06
1874,8,4.11
1874,9,4.17
1874,10,4.18
1874,11,4.13
1874,12,4.03
1875,1,5.07
1875,2,5.04
1875,3,5.07
1875,4,5.14
1875,5,5.05
1875,6,5.1
1875,7,5.0
1875,8,5.01
1875,9,5.19
1875,10,5.02
1875,11,5.03
1875,12,5.1
1876,1,6.12
1876,2,6.09
1876,3,6.16
1876,4,6.12
1876,5,6.15
1876,6,6.15
1876,7,6.12
1876,8,6.15
1876,9,6.17
1876,10,6.19
1876,11,6.09
1876,12,6.2
1877,1,7.04
1877,2,7.08
1877,3,7.17
1877,4,7.09
1877,5,7.15
1877,6,7.18
1877,7,7.03
1877,8,7.13
1877,9,7.15
1877,10,7.15
1877,11,7.02
1877,12,7.09
1878,1,8.04
1878,2,8.12
1878,3,8.04
1878,4,8.05
1878,5,8.07
1878,6,8.07
1878,7,8.11
1878,8,8.09
1878,9,8.08
1878,10,8.1
1878,11,8.12
1878,12,8.07
1879,1,9.07
1879,2,9.14
1879,3,9.11
1879,4,9.14
1879,5,9.13
1879,6,9.17
1879,7,9.17
1879,8,9.14
1879,9,9.12
1879,10,9.04
1879,11,9.0
1879,12,9.12
1880,1,0.03
1880,2,0.16
1880,3,0.13
1880,4,0.01
1880,5,0.16
1880,6,0.02
1880,7,0.16
1880,8,0.09
1880,9,0.15
1880,10,0.01
1880,11,0.03
1880,12,0.15
1881,1,1.13
1881,2,1.05
1881,3,1.03
1881,4,1.17
1881,5,1.03
1881,6,1.02
1881,7,1.09
1881,8,1.01
1881,9,1.05
1881,10,1.06
1881,11,1.17
1881,12,1.12
1882,1,2.03
1882,2,2.03
1882,3,2.09
1882,4,2.17
1882,5,2.1
1882,6,2.07
1882,7,2.06
1882,8,2.01
1882,9,2.1
1882,10,2.06
1882,11,2.07
1882,12,2.01
1883,1,3.11
1883,2,3.07
1883,3,3.04
1883,4,3.06
1883,5,3.12
1883,6,3.19
1883,7,3.05
1883,8,3.16
1883,9,3.17
1883,10,3.17
1883,11,3.04
1883,12,3.05
1884,1,4.1
1884,2,4.04
1884,3,4.2
1884,4,4.01
1884,5,4.1
1884,6,4.13
1884,7,4.08
1884,8,4.01
1884,9,4.07
1884,10,4.14
1884,11,4.01
1884,12,4.09
1885,1,5.01
1885,2,5.15
1885,3,5.06
1885,4,5.08
1885,5,5.07
1885,6,5.16
1885,7,5.17
1885,8,5.15
1885,9,5.13
1885,10,5.01
1885,11,5.15
1885,12,5.12
1886,1,6.18
1886,2,6.16
1886,3,6.04
1886,4,6.03
1886,5,6.02
1886,6,6.19
1886,7,6.05
1886,8,6.1
1886,9,6.03
1886,10,6.19
1886,11,6.12
1886,12,6.06
1887,1,7.1
1887,2,7.13
1887,3,7.14
1887,4,7.05
1887,5,7.12
1887,6,7.08
1887,7,7.19
1887,8,7.14
1887,9,7.04
1887,10,7.06
1887,11,7.02
1887,12,7.05
1888,1,8.14
1888,2,8.11
1888,3,8.09
1888,4,8.06
1888,5,8.16
1888,6,8.19
1888,7,8.11
1888,8,8.03
1888,9,8.1
1888,10,8.05
1888,11,8.03
1888,12,8.08
1889,1,9.07
1889,2,9.12
1889,3,9.13
1889,4,9.15
1889,5,9.11
1889,6,9.11
1889,7,9.06
1889,8,9.18
1889,9,9.06
1889,10,9.14
1889,11,9.18
1889,12,9.19
1890,1,0.18
1890,2,0.04
1890,3,0.16
1890,4,0.18
1890,5,0.1
1890,6,0.03
1890,7,0.01
1890,8,0.07
1890,9,0.11
1890,10,0.16
1890,11,0.08
1890,12,0.07
1891,1,1.16
1891,2,1.12
1891,3,1.12
1891,4,1.13
1891,5,1.1
1891,6,1.01
1891,7,1.14
1891,8,1.14
1891,9,1.11
1891,10,1.02
1891,11,1.12
1891,12,1.13
1892,1,2.07
1892,2,2.19
1892,3,2.09
1892,4,2.02
1892,5,2.05
1892,6,2.01
1892,7,2.07
1892,8,2.12
1892,9,2.1
1892,10,2.0
1892,11,2.15
1892,12,2.18
1893,1,3.16
1893,2,3.14
1893,3,3.01
1893,4,3.18
1893,5,3.06
1893,6,3.02
1893,7,3.17
1893,8,3.14
1893,9,3.09
1893,10,3.08
1893,11,3.15
1893,12,3.16
1894,1,4.17
1894,2,4.06
1894,3,4.07
1894,4,4.07
1894,5,4.14
1894,6,4.05
1894,7,4.04
1894,8,4.15
1894,9,4.08
1894,10,4.2
1894,11,4.09
1894,12,4.09
1895,1,5.15
1895,2,5.1
1895,3,5.1
1895,4,5.17
1895,5,5.08
1895,6,5.08
1895,7,5.06
1895,8,5.1
1895,9,5.0
1895,10,5.08
1895,11,5.16
1895,12,5.14
1896,1,6.03
1896,2,6.15
1896,3,6.15
1896,4,6.16
1896,5,6.0
1896,6,6.14
1896,7,6.14
1896,8,6.07
1896,9,6.07
1896,10,6.05
1896,11,6.0
1896,12,6.12
1897,1,7.13
1897,2,7.04
1897,3,7.07
1897,4,7.06
1897,5,7.19
1897,6,7.17
1897,7,7.16
1897,8,7.13
1897,9,7.05
1897,10,7.19
1897,11,7.03
1897,12,7.04
1898,1,8.1
1898,2,8.07
1898,3,8.08
1898,4,8.19
1898,5,8.05
1898,6,8.15
1898,7,8.14
1898,8,8.01
1898,9,8.09
1898,10,8.17
1898,11,8.18
1898,12,8.0
1899,1,9.04
1899,2,9.09
1899,3,9.19
1899,4,9.06
1899,5,9.07
1899,6,9.0
1899,7,9.08
1899,8,9.18
1899,9,9.15
1899,10,9.08
1899,11,9.15
1899,12,9.11
1900,1,0.15
1900,2,0.11
1900,3,0.18
1900,4,0.17
1900,5,0.19
1900,6,0.01
1900,7,0.02
1900,8,0.02
1900,9,0.01
1900,10,0.19
1900,11,0.15
1900,12,0.02
1901,1,1.16
1901,2,1.18
1901,3,1.11
1901,4,1.1
1901,5,1.01
1901,6,1.16
1901,7,1.01
1901,8,1.09
1901,9,1.06
1901,10,1.11
1901,11,1.15
1901,12,1.17
1902,1,2.15
1902,2,2.02
1902,3,2.06
1902,4,2.07
1902,5,2.1
1902,6,2.04
1902,7,2.01
1902,8,2.18
1902,9,2.11
1902,10,2.0
1902,11,2.11
1902,12,2.19
1903,1,3.08
1903,2,3.14
1903,3,3.06
1903,4,3.07
1903,5,3.13
1903,6,3.12
1903,7,3.11
1903,8,3.14
1903,9,3.03
1903,10,3.02
1903,11,3.03
1903,12,3.1
1904,1,4.1
1904,2,4.16
1904,3,4.1
1904,4,4.15
1904,5,4.11
1904,6,4.12
1904,7,4.13
1904,8,4.09
1904,9,4.14
1904,10,4.11
1904,11,4.12
1904,12,4.19
1905,1,5.05
1905,2,5.16
1905,3,5.07
1905,4,5.04
1905,5,5.12
1905,6,5.04
1905,7,5.17
1905,8,5.19
1905,9,5.18
1905,10,5.06
1905,11,5.13
1905,12,5.14
1906,1,6.16
1906,2,6.1
1906,3,6.0
1906,4,6.12
1906,5,6.15
1906,6,6.09
1906,7,6.14
1906,8,6.07
1906,9,6.04
1906,10,6.07
1906,11,6.14
1906,12,6.11
1907,1,7.12
1907,2,7.02
1907,3,7.15
1907,4,7.1
1907,5,7.16
1907,6,7.01
1907,7,7.06
1907,8,7.13
1907,9,7.01
1907,10,7.19
1907,11,7.04
1907,12,7.08
1908,1,8.18
1908,2,8.17
1908,3,8.02
1908,4,8.14
1908,5,8.01
1908,6,8.1
1908,7,8.05
1908,8,8.15
1908,9,8.04
1908,10,8.18
1908,11,8.06
1908,12,8.02
1909,1,9.13
1909,2,9.07
1909,3,9.12
1909,4,9.11
1909,5,9.01
1909,6,9.02
1909,7,9.05
1909,8,9.04
1909,9,9.1
1909,10,9.19
1909,11,9.11
1909,12,9.09
1910,1,0.2
1910,2,0.06
1910,3,0.07
1910,4,0.06
1910,5,0.1
1910,6,0.18
1910,7,0.12
1910,8,0.07
1910,9,0.16
1910,10,0.0
1910,11,0.16
1910,12,0.01
1911,1,1.03
1911,2,1.11
1911,3,1.02
1911,4,1.06
1911,5,1.18
1911,6,1.19
1911,7,1.12
1911,8,1.1
1911,9,1.01
1911,10,1.08
1911,11,1.1
1911,12,1.03
1912,1,2.02
1912,2,2.19
1912,3,2.05
1912,4,2.16
1912,5,2.12
1912,6,2.15
1912,7,2.06
1912,8,2.11
1912,9,2.16
1912,10,2.13
1912,11,2.14
1912,12,2.11
1913,1,3.16
1913,2,3.07
1913,3,3.13
1913,4,3.06
1913,5,3.14
1913,6,3.07
1913,7,3.14
1913,8,3.03
1913,9,3.11
1913,10,3.15
1913,11,3.04
1913,12,3.06
1914,1,4.04
1914,2,4.16
1914,3,4.02
1914,4,4.18
1914,5,4.1
1914,6,4.1
1914,7,4.14
1914,8,4.08
1914,9,4.15
1914,10,4.11
1914,11,4.06
1914,12,4.19
1915,1,5.02
1915,2,5.08
1915,3,5.14
1915,4,5.05
1915,5,5.15
1915,6,5.01
1915,7,5.05
1915,8,5.06
1915,9,5.13
1915,10,5.04
1915,11,5.1
1915,12,5.04
1916,1,6.1
1916,2,6.07
1916,3,6.05
1916,4,6.14
1916,5,6.13
1916,6,6.17
1916,7,6.07
1916,8,6.13
1916,9,6.0
1916,10,6.18
1916,11,6.04
1916,12,6.07
1917,1,7.1
1917,2,7.15
1917,3,7.12
1917,4,7.01
1917,5,7.04
1917,6,7.17
1917,7,7.0
1917,8,7.07
1917,9,7.13
1917,10,7.1
1917,11,7.17
1917,12,7.07
1918,1,8.03
1918,2,8.04
1918,3,8.06
1918,4,8.03
1918,5,8.06
1918,6,8.17
1918,7,8.08
1918,8,8.19
1918,9,8.07
1918,10,8.05
1918,11,8.16
1918,12,8.05
1919,1,9.13
1919,2,9.03
1919,3,9.2
1919,4,9.04
1919,5,9.14
1919,6,9.1
1919,7,9.14
1919,8,9.07
1919,9,9.0
1919,10,9.18
1919,11,9.05
1919,12,9.04
1920,1,0.05
1920,2,0.02
1920,3,0.11
1920,4,0.03
1920,5,0.08
1920,6,0.04
1920,7,0.02
1920,8,0.07
1920,9,0.15
1920,10,0.17
1920,11,0.13
1920,12,0.16
1921,1,1.05
1921,2,1.18
1921,3,1.1
1921,4,1.18
1921,5,1.1
1921,6,1.05
1921,7,1.07
1921,8,1.03
1921,9,1.16
1921,10,1.14
1921,11,1.09
1921,12,1.08
1922,1,2.19
1922,2,2.1
1922,3,2.01
1922,4,2.07
1922,5,2.09
1922,6,2.01
1922,7,2.01
1922,8,2.02
1922,9,2.15
1922,10,2.15
1922,11,2.16
1922,12,2.08
1923,1,3.0
1923,2,3.08
1923,3,3.17
1923,4,3.1
1923,5,3.0
1923,6,3.05
1923,7,3.15
1923,8,3.09
1923,9,3.19
1923,10,3.03
1923,11,3.09
1923,12,3.08
1924,1,4.05
1924,2,4.02
1924,3,4.07
1924,4,4.2
1924,5,4.11
1924,6,4.03
1924,7,4.14
1924,8,4.15
1924,9,4.09
1924,10,4.04
1924,11,4.04
1924,12,4.16
1925,1,5.17
1925,2,5.02
1925,3,5.02
1925,4,5.15
1925,5,5.15
1925,6,5.02
1925,7,5.08
1925,8,5.09
1925,9,5.11
1925,10,5.11
1925,11,5.11
1925,12,5.11
1926,1,6.09
1926,2,6.1
1926,3,6.01
1926,4,6.15
1926,5,6.1
1926,6,6.09
1926,7,6.08
1926,8,6.06
1926,9,6.13
1926,10,6.02
1926,11,6.18
1926,12,6.15
1927,1,7.1
1927,2,7.16
1927,3,7.1
1927,4,7.11
1927,5,7.16
1927,6,7.15
1927,7,7.18
1927,8,7.06
1927,9,7.15
1927,10,7.17
1927,11,7.05
1927,12,7.04
1928,1,8.05
1928,2,8.05
1928,3,8.07
1928,4,8.16
1928,5,8.15
1928,6,8.09
1928,7,8.07
1928,8,8.02
1928,9,8.04
1928,10,8.12
1928,11,8.04
1928,12,8.02
1929,1,9.16
1929,2,9.01
1929,3,9.17
1929,4,9.05
1929,5,9.04
1929,6,9.06
1929,7,9.14
1929,8,9.07
1929,9,9.12
1929,10,9.2
1929,11,9.12
1929,12,9.04
1930,1,0.17
1930,2,0.19
1930,3,0.08
1930,4,0.15
1930,5,0.11
1930,6,0.16
1930,7,0.06
1930,8,0.1
1930,9,0.2
1930,10,0.15
1930,11,0.04
1930,12,0.11
1931,1,1.15
1931,2,1.15
1931,3,1.06
1931,4,1.18
1931,5,1.13
1931,6,1.08
1931,7,1.17
1931,8,1.08
1931,9,1.15
1931,10,1.17
1931,11,1.17
1931,12,1.1
1932,1,2.17
1932,2,2.16
1932,3,2.1
1932,4,2.02
1932,5,2.02
1932,6,2.02
1932,7,2.13
1932,8,2.03
1932,9,2.11
1932,10,2.17
1932,11,2.0
1932,12,2.19
1933,1,3.08
1933,2,3.15
1933,3,3.18
1933,4,3.15
1933,5,3.19
1933,6,3.02
1933,7,3.01
1933,8,3.2
1933,9,3.14
1933,10,3.16
1933,11,3.1
1933,12,3.03
1934,1,4.2
1934,2,4.03
1934,3,4.03
1934,4,4.06
1934,5,4.04
1934,6,4.16
1934,7,4.02
1934,8,4.09
1934,9,4.17
1934,10,4.06
1934,11,4.09
1934,12,4.13
1935,1,5.04
1935,2,5.15
1935,3,5.06
1935,4,5.17
1935,5,5.01
1935,6,5.09
1935,7,5.02
1935,8,5.11
1935,9,5.02
1935,10,5.13
1935,11,5.02
1935,12,5.15
1936,1,6.16
1936,2,6.04
1936,3,6.16
1936,4,6.11
1936,5,6.13
1936,6,6.09
1936,7,6.16
1936,8,6.07
1936,9,6.03
1936,10,6.08
1936,11,6.1
1936,12,6.09
1937,1,7.06
1937,2,7.04
1937,3,7.19
1937,4,7.03
1937,5,7.13
1937,6,7.13
1937,7,7.18
1937,8,7.18
1937,9,7.11
1937,10,7.11
1937,11,7.14
1937,12,7.04
1938,1,8.19
1938,2,8.19
1938,3,8.0
1938,4,8.04
1938,5,8.01
1938,6,8.2
1938,7,8.1
1938,8,8.01
1938,9,8.2
1938,10,8.2
1938,11,8.1
1938,12,8.05
1939,1,9.1
1939,2,9.17
1939,3,9.17
1939,4,9.13
1939,5,9.1
1939,6,9.17
1939,7,9.11
1939,8,9.13
1939,9,9.07
1939,10,9.06
1939,11,9.05
1939,12,9.18
1940,1,0.01
1940,2,0.02
1940,3,0.02
1940,4,0.19
1940,5,0.05
1940,6,0.0
1940,7,0.14
1940,8,0.16
1940,9,0.03
1940,10,0.18
1940,11,0.2
1940,12,0.19
1941,1,1.18
1941,2,1.16
1941,3,1.07
1941,4,1.11
1941,5,1.05
1941,6,1.05
1941,7,1.11
1941,8,1.2
1941,9,1.15
1941,10,1.05
1941,11,1.03
1941,12,1.13
1942,1,2.1
1942,2,2.14
1942,3,2.08
1942,4,2.02
1942,5,2.11
1942,6,2.05
1942,7,2.18
1942,8,2.15
1942,9,2.13
1942,10,2.19
1942,11,2.1
1942,12,2.02
1943,1,3.14
1943,2,3.14
1943,3,3.18
1943,4,3.16
1943,5,3.02
1943,6,3.15
1943,7,3.02
1943,8,3.0
1943,9,3.06
1943,10,3.07
1943,11,3.13
1943,12,3.04
1944,1,4.0
1944,2,4.01
1944,3,4.02
1944,4,4.1
1944,5,4.13
1944,6,4.19
1944,7,4.13
1944,8,4.01
1944,9,4.19
1944,10,4.17
1944,11,4.03
1944,12,4.05
1945,1,5.03
1945,2,5.14
1945,3,5.1
1945,4,5.14
1945,5,5.01
1945,6,5.14
1945,7,5.04
1945,8,5.01
1945,9,5.03
1945,10,5.1
1945,11,5.2
1945,12,5.2
1946,1,6.13
1946,2,6.07
1946,3,6.18
1946,4,6.18
1946,5,6.17
1946,6,6.1
1946,7,6.12
1946,8,6.13
1946,9,6.12
1946,10,6.16
1946,11,6.19
1946,12,6.15
1947,1,7.17
1947,2,7.1
1947,3,7.09
1947,4,7.17
1947,5,7.08
1947,6,7.01
1947,7,7.02
1947,8,7.07
1947,9,7.07
1947,10,7.06
1947,11,7.14
1947,12,7.1
1948,1,8.18
1948,2,8.03
1948,3,8.04
1948,4,8.1
1948,5,8.05
1948,6,8.03
1948,7,8.0
1948,8,8.03
1948,9,8.17
1948,10,8.07
1948,11,8.15
1948,12,8.02
1949,1,9.06
1949,2,9.13
1949,3,9.12
1949,4,9.09
1949,5,9.04
1949,6,9.11
1949,7,9.14
1949,8,9.14
1949,9,9.08
1949,10,9.13
1949,11,9.12
1949,12,9.14
1950,1,0.01
1950,2,0.17
1950,3,0.07
1950,4,0.1
1950,5,0.06
1950,6,0.19
1950,7,0.03
1950,8,0.19
1950,9,0.13
1950,10,0.05
1950,11,0.0
1950,12,0.18
1951,1,1.1
1951,2,1.09
1951,3,1.02
1951,4,1.01
1951,5,1.05
1951,6,1.07
1951,7,1.14
1951,8,1.09
1951,9,1.06
1951,10,1.17
1951,11,1.06
1951,12,1.1
1952,1,2.16
1952,2,2.14
1952,3,2.04
1952,4,2.14
1952,5,2.2
1952,6,2.01
1952,7,2.13
1952,8,2.09
1952,9,2.0
1952,10,2.14
1952,11,2.06
1952,12,2.09
1953,1,3.12
1953,2,3.07
1953,3,3.01
1953,4,3.19
1953,5,3.06
1953,6,3.01
1953,7,3.03
1953,8,3.12
1953,9,3.18
1953,10,3.02
1953,11,3.09
1953,12,3.04
1954,1,4.15
1954,2,4.13
1954,3,4.04
1954,4,4.05
1954,5,4.03
1954,6,4.18
1954,7,4.19
1954,8,4.09
1954,9,4.2
1954,10,4.15
1954,11,4.03
1954,12,4.08
1955,1,5.15
1955,2,5.13
1955,3,5.06
1955,4,5.18
1955,5,5.05
1955,6,5.04
1955,7,5.04
1955,8,5.08
1955,9,5.04
1955,10,5.09
1955,11,5.04
1955,12,5.08
1956,1,6.04
1956,2,6.07
1956,3,6.14
1956,4,6.03
1956,5,6.06
1956,6,6.13
1956,7,6.0
1956,8,6.14
1956,9,6.01
1956,10,6.15
1956,11,6.01
1956,12,6.2
1957,1,7.16
1957,2,7.04
1957,3,7.08
1957,4,7.07
1957,5,7.16
1957,6,7.1
1957,7,7.1
1957,8,7.19
1957,9,7.07
1957,10,7.16
1957,11,7.09
1957,12,7.03
1958,1,8.16
1958,2,8.1
1958,3,8.02
1958,4,8.15
1958,5,8.12
1958,6,8.14
1958,7,8.0
1958,8,8.07
1958,9,8.1
1958,10,8.12
1958,11,8.01
1958,12,8.05
1959,1,9.05
1959,2,9.06
1959,3,9.01
1959,4,9.12
1959,5,9.05
1959,6,9.05
1959,7,9.15
1959,8,9.16
1959,9,9.13
1959,10,9.13
1959,11,9.12
1959,12,9.05
1960,1,0.09
1960,2,0.1
1960,3,0.16
1960,4,0.18
1960,5,0.0
1960,6,0.02
1960,7,0.15
1960,8,0.13
1960,9,0.01
1960,10,0.09
1960,11,0.16
1960,12,0.15
1961,1,1.1
1961,2,1.14
1961,3,1.07
1961,4,1.05
1961,5,1.1
1961,6,1.02
1961,7,1.05
1961,8,1.12
1961,9,1.17
1961,10,1.05
1961,11,1.07
1961,12,1.06
1962,1,2.19
1962,2,2.15
1962,3,2.07
1962,4,2.17
1962,5,2.18
1962,6,2.13
1962,7,2.19
1962,8,2.12
1962,9,2.1
1962,10,2.13
1962,11,2.01
1962,12,2.1
1963,1,3.08
1963,2,3.15
1963,3,3.11
1963,4,3.02
1963,5,3.19
1963,6,3.18
1963,7,3.06
1963,8,3.07
1963,9,3.11
1963,10,3.19
1963,11,3.12
1963,12,3.06
1964,1,4.19
1964,2,4.1
1964,3,4.01
1964,4,4.03
1964,5,4.16
1964,6,4.19
1964,7,4.08
1964,8,4.01
1964,9,4.14
1964,10,4.02
1964,11,4.08
1964,12,4.2
1965,1,5.01
1965,2,5.04
1965,3,5.0
1965,4,5.07
1965,5,5.03
1965,6,5.1
1965,7,5.02
1965,8,5.18
1965,9,5.02
1965,10,5.0
1965,11,5.03
1965,12,5.04
1966,1,6.19
1966,2,6.16
1966,3,6.11
1966,4,6.12
1966,5,6.15
1966,6,6.11
1966,7,6.16
1966,8,6.19
1966,9,6.09
1966,10,6.08
1966,11,6.01
1966,12,6.05
1967,1,7.05
1967,2,7.1
1967,3,7.01
1967,4,7.09
1967,5,7.02
1967,6,7.08
1967,7,7.14
1967,8,7.07
1967,9,7.2
1967,10,7.1
1967,11,7.19
1967,12,7.07
1968,1,8.05
1968,2,8.0
1968,3,8.08
1968,4,8.08
1968,5,8.15
1968,6,8.01
1968,7,8.09
1968,8,8.14
1968,9,8.02
1968,10,8.14
1968,11,8.07
1968,12,8.11
1969,1,9.14
1969,2,9.11
1969,3,9.04
1969,4,9.13
1969,5,9.02
1969,6,9.18
1969,7,9.09
1969,8,9.08
1969,9,9.12
1969,10,9.1
1969,11,9.19
1969,12,9.01
1970,1,0.11
1970,2,0.11
1970,3,0.16
1970,4,0.19
1970,5,0.1
1970,6,0.01
1970,7,0.01
1970,8,0.08
1970,9,0.12
1970,10,0.19
1970,11,0.2
1970,12,0.17
1971,1,1.08
1971,2,1.19
1971,3,1.16
1971,4,1.04
1971,5,1.04
1971,6,1.06
1971,7,1.08
1971,8,1.01
1971,9,1.1
1971,10,1.07
1971,11,1.06
1971,12,1.15
1972,1,2.13
1972,2,2.13
1972,3,2.02
1972,4,2.01
1972,5,2.1
1972,6,2.15
1972,7,2.2
1972,8,2.1
1972,9,2.1
1972,10,2.19
1972,11,2.02
1972,12,2.11
1973,1,3.16
1973,2,3.03
1973,3,3.07
1973,4,3.05
1973,5,3.01
1973,6,3.12
1973,7,3.1
1973,8,3.03
1973,9,3.09
1973,10,3.11
1973,11,3.13
1973,12,3.2
1974,1,4.06
1974,2,4.12
1974,3,4.13
1974,4,4.02
1974,5,4.01
1974,6,4.01
1974,7,4.19
1974,8,4.14
1974,9,4.05
1974,10,4.15
1974,11,4.08
1974,12,4.02
1975,1,5.1
1975,2,5.15
1975,3,5.09
1975,4,5.08
1975,5,5.17
1975,6,5.0
1975,7,5.13
1975,8,5.04
1975,9,5.18
1975,10,5.06
1975,11,5.05
1975,12,5.12
1976,1,6.01
1976,2,6.16
1976,3,6.01
1976,4,6.04
1976,5,6.07
1976,6,6.1
1976,7,6.14
1976,8,6.01
1976,9,6.05
1976,10,6.16
1976,11,6.13
1976,12,6.04
1977,1,7.0
1977,2,7.17
1977,3,7.01
1977,4,7.05
1977,5,7.18
1977,6,7.11
1977,7,7.01
1977,8,7.11
1977,9,7.11
1977,10,7.02
1977,11,7.11
1977,12,7.06
1978,1,8.13
1978,2,8.13
1978,3,8.15
1978,4,8.04
1978,5,8.08
1978,6,8.12
1978,7,8.09
1978,8,8.17
1978,9,8.1
1978,10,8.02
1978,11,8.04
1978,12,8.1
1979,1,9.2
1979,2,9.09
1979,3,9.19
1979,4,9.15
1979,5,9.09
1979,6,9.08
1979,7,9.12
1979,8,9.19
1979,9,9.13
1979,10,9.17
1979,11,9.04
1979,12,9.01
1980,1,0.05
1980,2,0.15
1980,3,0.12
1980,4,0.02
1980,5,0.05
1980,6,0.03
1980,7,0.07
1980,8,0.09
1980,9,0.17
1980,10,0.18
1980,11,0.08
1980,12,0.15
1981,1,1.1
1981,2,1.14
1981,3,1.12
1981,4,1.1
1981,5,1.03
1981,6,1.19
1981,7,1.09
1981,8,1.0
1981,9,1.13
1981,10,1.05
1981,11,1.18
1981,12,1.06
1982,1,2.01
1982,2,2.08
1982,3,2.11
1982,4,2.07
1982,5,2.14
1982,6,2.03
1982,7,2.06
1982,8,2.1
1982,9,2.02
1982,10,2.04
1982,11,2.04
1982,12,2.15
1983,1,3.07
1983,2,3.04
1983,3,3.07
1983,4,3.0
1983,5,3.12
1983,6,3.06
1983,7,3.04
1983,8,3.03
1983,9,3.09
1983,10,3.07
1983,11,3.12
1983,12,3.06
1984,1,4.08
1984,2,4.17
1984,3,4.01
1984,4,4.08
1984,5,4.04
1984,6,4.17
1984,7,4.18
1984,8,4.11
1984,9,4.09
1984,10,4.13
1984,11,4.17
1984,12,4.16
1985,1,5.0
1985,2,5.13
1985,3,5.03
1985,4,5.15
1985,5,5.01
1985,6,5.14
1985,7,5.04
1985,8,5.08
1985,9,5.19
1985,10,5.17
1985,11,5.18
1985,12,5.1
1986,1,6.16
1986,2,6.07
1986,3,6.1
1986,4,6.1
1986,5,6.16
1986,6,6.06
1986,7,6.08
1986,8,6.08
1986,9,6.09
1986,10,6.08
1986,11,6.13
1986,12,6.12
1987,1,7.04
1987,2,7.1
1987,3,7.0
1987,4,7.11
1987,5,7.11
1987,6,7.08
1987,7,7.17
1987,8,7.09
1987,9,7.1
1987,10,7.11
1987,11,7.17
1987,12,7.07
1988,1,8.07
1988,2,8.07
1988,3,8.09
1988,4,8.04
1988,5,8.1
1988,6,8.05
1988,7,8.0
1988,8,8.02
1988,9,8.15
1988,10,8.03
1988,11,8.02
1988,12,8.16
1989,1,9.01
1989,2,9.13
1989,3,9.05
1989,4,9.05
1989,5,9.06
1989,6,9.11
1989,7,9.08
1989,8,9.09
1989,9,9.07
1989,10,9.08
1989,11,9.0
1989,12,9.18
1990,1,0.19
1990,2,0.1
1990,3,0.05
1990,4,0.17
1990,5,0.14
1990,6,0.18
1990,7,0.07
1990,8,0.09
1990,9,0.15
1990,10,0.09
1990,11,0.09
1990,12,0.06
1991,1,1.12
1991,2,1.05
1991,3,1.07
1991,4,1.1
1991,5,1.12
1991,6,1.15
1991,7,1.06
1991,8,1.0
1991,9,1.18
1991,10,1.12
1991,11,1.04
1991,12,1.16
1992,1,2.15
1992,2,2.09
1992,3,2.15
1992,4,2.08
1992,5,2.17
1992,6,2.03
1992,7,2.0
1992,8,2.11
1992,9,2.1
1992,10,2.04
1992,11,2.1
1992,12,2.09
1993,1,3.09
1993,2,3.01
1993,3,3.07
1993,4,3.19
1993,5,3.2
1993,6,3.13
1993,7,3.02
1993,8,3.18
1993,9,3.19
1993,10,3.08
1993,11,3.08
1993,12,3.16
1994,1,4.1
1994,2,4.16
1994,3,4.05
1994,4,4.2
1994,5,4.01
1994,6,4.2
1994,7,4.03
1994,8,4.17
1994,9,4.16
1994,10,4.11
1994,11,4.02
1994,12,4.03
1995,1,5.05
1995,2,5.04
1995,3,5.19
1995,4,5.17
1995,5,5.01
1995,6,5.03
1995,7,5.17
1995,8,5.13
1995,9,5.04
1995,10,5.09
1995,11,5.03
1995,12,5.01
1996,1,6.17
1996,2,6.06
1996,3,6.13
1996,4,6.18
1996,5,6.17
1996,6,6.09
1996,7,6.09
1996,8,6.01
1996,9,6.08
1996,10,6.11
1996,11,6.09
1996,12,6.19
1997,1,7.03
1997,2,7.08
1997,3,7.15
1997,4,7.05
1997,5,7.01
1997,6,7.17
1997,7,7.04
1997,8,7.01
1997,9,7.03
1997,10,7.05
1997,11,7.03
1997,12,7.06
1998,1,8.13
1998,2,8.14
1998,3,8.08
1998,4,8.12
1998,5,8.1
1998,6,8.18
1998,7,8.19
1998,8,8.03
1998,9,8.17
1998,10,8.07
1998,11,8.14
1998,12,8.19
1999,1,9.06
1999,2,9.05
1999,3,9.11
1999,4,9.18
1999,5,9.0
1999,6,9.16
1999,7,9.18
1999,8,9.19
1999,9,9.13
1999,10,9.15
1999,11,9.02
1999,12,9.13
2000,1,0.14
2000,2,0.12
2000,3,0.15
2000,4,0.02
2000,5,0.08
2000,6,0.17
2000,7,0.06
2000,8,0.16
2000,9,0.15
2000,10,0.18
2000,11,0.09
2000,12,0.1
2001,1,1.06
2001,2,1.0
2001,3,1.15
2001,4,1.16
2001,5,1.13
2001,6,1.02
2001,7,1.07
2001,8,1.06
2001,9,1.12
2001,10,1.19
2001,11,1.1
2001,12,1.12
2002,1,2.05
2002,2,2.17
2002,3,2.13
2002,4,2.08
2002,5,2.15
2002,6,2.17
2002,7,2.1
2002,8,2.19
2002,9,2.06
2002,10,2.11
2002,11,2.14
2002,12,2.09
2003,1,3.08
2003,2,3.07
2003,3,3.08
2003,4,3.1
2003,5,3.1
2003,6,3.15
2003,7,3.01
2003,8,3.11
2003,9,3.16
2003,10,3.14
2003,11,3.09
2003,12,3.14
2004,1,4.17
2004,2,4.02
2004,3,4.19
2004,4,4.13
2004,5,4.2
2004,6,4.19
2004,7,4.02
2004,8,4.17
2004,9,4.09
2004,10,4.05
2004,11,4.07
2004,12,4.09
2005,1,5.1
2005,2,5.13
2005,3,5.01
2005,4,5.09
2005,5,5.11
2005,6,5.03
2005,7,5.19
2005,8,5.01
2005,9,5.15
2005,10,5.04
2005,11,5.07
2005,12,5.12
2006,1,6.16
2006,2,6.1
2006,3,6.06
2006,4,6.12
2006,5,6.02
2006,6,6.04
2006,7,6.04
2006,8,6.11
2006,9,6.01
2006,10,6.11
2006,11,6.1
2006,12,6.11
2007,1,7.05
2007,2,7.16
2007,3,7.03
2007,4,7.08
2007,5,7.1
2007,6,7.0
2007,7,7.11
2007,8,7.12
2007,9,7.13
2007,10,7.17
2007,11,7.03
2007,12,7.16
2008,1,8.03
2008,2,8.1
2008,3,8.17
2008,4,8.01
2008,5,8.14
2008,6,8.1
2008,7,8.01
2008,8,8.19
2008,9,8.08
2008,10,8.16
2008,11,8.07
2008,12,8.06
2009,1,9.19
2009,2,9.13
2009,3,9.15
2009,4,9.12
2009,5,9.13
2009,6,9.04
2009,7,9.13
2009,8,9.19
2009,9,9.14
2009,10,9.08
2009,11,9.1
2009,12,9.1
2010,1,0.1
2010,2,0.13
2010,3,0.04
2010,4,0.08
2010,5,0.11
2010,6,0.1
2010,7,0.07
2010,8,0.05
2010,9,0.06
2010,10,0.11
2010,11,0.1
2010,12,0.12
2011,1,1.06
2011,2,1.07
2011,3,1.2
2011,4,1.1
2011,5,1.13
2011,6,1.02
2011,7,1.08
2011,8,1.13
2011,9,1.2
2011,10,1.14
2011,11,1.17
2011,12,1.19
2012,1,2.01
2012,2,2.16
2012,3,2.13
2012,4,2.14
2012,5,2.13
2012,6,2.02
2012,7,2.05
2012,8,2.05
2012,9,2.06
2012,10,2.13
2012,11,2.18
2012,12,2.03
2013,1,3.11
2013,2,3.17
2013,3,3.19
2013,4,3.19
2013,5,3.1
2013,6,3.12
2013,7,3.01
2013,8,3.07
2013,9,3.16
2013,10,3.03
2013,11,3.03
2013,12,3.16
2014,1,4.0
2014,2,4.02
2014,3,4.05
2014,4,4.08
2014,5,4.13
2014,6,4.03
2014,7,4.07
2014,8,4.09
2014,9,4.11
2014,10,4.06
2014,11,4.16
2014,12,4.12
2015,1,5.2
2015,2,5.1
2015,3,5.0
2015,4,5.17
2015,5,5.02
2015,6,5.07
2015,7,5.04
2015,8,5.17
2015,9,5.06
2015,10,5.19
2015,11,5.03
2015,12,5.07
2016,1,6.11
2016,2,6.05
2016,3,6.14
2016,4,6.13
2016,5,6.05
2016,6,6.16
2016,7,6.2
2016,8,6.13
2016,9,6.09
2016,10,6.13
2016,11,6.05
2016,12,6.17
